83 Long 100 500
24 Qwik1 100 5 5 5 5 5
99 Qwik2 100 5 5 5 5 5
100 OverA 100 9 100 9 1 9 1 9
110 OverB 100 8 100 8 1 8 1 8
120 OverC 100 5 100 5 1 5 1 5
130 OverA 100 9 100 9 1 9 1 9
140 OverB 100 8 100 8 1 8 1 8
150 OverC 100 5 100 5 1 5 1 5
160 OverA 100 9 100 9 1 9 1 9
170 OverB 100 8 100 8 1 8 1 8
180 OverC 100 5 100 5 1 5 1 5
190 OverA 100 9 100 9 1 9 1 9
200 OverB 100 8 100 8 1 8 1 8
210 OverC 100 5 100 5 1 5 1 5
220 OverA 100 9 100 9 1 9 1 9
230 OverB 100 8 100 8 1 8 1 8
240 OverC 100 5 100 5 1 5 1 5
300 OverA 100 2 100 9 1 9 1 9
310 OverB 100 8 100 8 1 8 1 8
320 OverC 100 5 100 5 1 5 1 5
330 OverA 100 9 100 9 1 9 1 9
340 OverB 100 8 100 8 1 23 1 8
350 OverC 100 5 100 5 1 5 1 5
360 OverA 100 9 100 9 1 9 1 9
370 OverB 100 8 100 8 1 8 1 8
380 OverC 100 5 100 5 7 5 1 5
390 OverA 100 9 100 9 1 9 1 9
400 OverB 100 8 100 8 1 8 1 8
410 OverC 100 5 100 5 1 5 1 5
420 OverA 100 9 100 9 1 9 1 9
430 OverB 100 8 100 8 1 8 1 8
440 OverC 100 5 100 5 1 5 1 5
500 OverB 100 8 100 8 1 8 1 8
510 OverC 100 5 100 5 1 5 1 5
520 OverA 100 9 100 9 1 9 1 9
530 OverB 100 8 100 8 1 8 1 8
540 OverC 100 5 100 5 1 5 1 5
500 OverA 100 2 100 9 1 9 1 9
510 OverB 100 8 100 8 1 8 1 8
520 OverC 100 5 100 5 1 5 1 5
530 OverA 100 9 100 9 1 9 1 9
540 OverB 100 8 100 8 1 23 1 8
550 OverC 100 5 100 5 1 5 1 5
560 OverA 100 9 100 9 1 9 1 9
570 OverB 100 8 100 8 1 8 1 8
580 OverC 100 5 100 5 7 5 1 5
590 OverA 100 9 100 9 1 9 1 9
600 OverB 100 8 100 8 1 8 1 8
610 OverC 100 5 100 5 1 5 1 5
620 OverA 100 9 100 9 1 9 1 9
630 OverB 100 8 100 8 1 8 1 8
640 OverC 100 5 100 5 1 5 1 5